8.86947e-06 3.55005e-11 5.17541e-05 9.63592e-16 -0.00421805 1.40561e-59 
1.96331e-05 8.15285e-10 0.000782474 0.406054 -0.00451504 8.69981e-52 
4.37147e-05 9.30481e-09 0.00555313 1.59796 -0.00245609 1.49489e-44 
7.43691e-05 7.05701e-08 0.0245029 2.36913 0.00365471 7.13117e-38 
0.000113115 4.01271e-07 0.0749135 2.09237 0.0114154 9.44425e-32 
0.000157157 1.82964e-06 0.166847 1.12911 0.015417 3.47239e-26 
0.000200394 6.9858e-06 0.275235 0.169774 0.00999939 3.5444e-21 
0.000234929 2.30245e-05 0.330143 -0.350055 -0.00637152 1.00441e-16 
0.00025287 6.69992e-05 0.261849 -0.40212 -0.0277523 7.90193e-13 
0.000248212 0.000175135 0.0791748 -0.204349 -0.0411502 1.72588e-09 
0.000218465 0.0004169 -0.106369 0.00691415 -0.03173 1.0465e-06 
0.000165685 0.000913697 -0.165343 0.108844 0.00915017 0.000176167 
9.65939e-05 0.00186017 -0.0736942 0.100249 0.0773491 0.00823308 
2.16189e-05 0.00354363 0.0608115 0.0409454 0.154987 0.10682 
-4.70513e-05 0.00635484 0.107327 -0.0113825 0.216625 0.384769 
-9.80405e-05 0.0107814 0.040158 -0.0315859 0.240086 0.384769 
-0.000123396 0.0173758 -0.0511363 -0.0245693 0.216625 0.10682 
-0.000120554 0.026691 -0.0703469 -0.00766115 0.154987 0.00823308 
-9.30954e-05 0.039185 -0.0134817 0.00501711 0.0773491 0.000176167 
-4.9985e-05 0.0550982 0.0446107 0.00866085 0.00915017 1.0465e-06 
-3.41331e-06 0.0743221 0.0433653 0.00577438 -0.03173 1.72588e-09 
3.42531e-05 0.0962798 -0.00308918 0.00117569 -0.0411502 7.90193e-13 
5.36193e-05 0.119848 -0.0360972 -0.00177837 -0.0277523 1.00441e-16 
5.06496e-05 0.143351 -0.0236661 -0.00229527 -0.00637152 3.5444e-21 
2.76171e-05 0.164638 0.0112064 -0.00130443 0.00999939 3.47239e-26 
-7.6713e-06 0.181276 0.0265722 -9.50605e-05 0.015417 9.44425e-32 
-4.41729e-05 0.190819 0.010246 0.000565167 0.0114154 7.13117e-38 
-7.0787e-05 0.191155 -0.0135081 0.000589325 0.00365471 1.49489e-44 
-7.95062e-05 0.180865 -0.0176791 0.000280317 -0.00245609 8.69981e-52 
-6.76356e-05 0.159549 -0.00200792 -2.79042e-05 -0.00451504 1.40561e-59 
-3.84482e-05 0.128042 0.0124461 -0.00016776 -0.00421805 6.30484e-68 
-1.02601e-07 0.0884793 0.0104399 0 0 0 
3.68326e-05 0.0441715 -0.00234278 0 0 0 
6.24974e-05 -0.000718554 -0.00986738 0 0 0 
7.05659e-05 -0.0416653 -0.00517919 0 0 0 
5.99486e-05 -0.0743764 0.00406899 0 0 0 
3.48933e-05 -0.0954067 0.00696338 0 0 0 
3.50287e-06 -0.102693 0.00175392 0 0 0 
-2.48336e-05 -0.0959153 -0.00422543 0 0 0 
-4.22803e-05 -0.0766072 -0.00438265 0 0 0 
-4.47911e-05 -0.0479911 0.000205279 0 0 0 
-3.3085e-05 -0.014539 0.00359072 0 0 0 
-1.21143e-05 0.0186769 0.00239128 0 0 0 
1.07401e-05 0.0467457 -0.00112255 0 0 0 
2.81215e-05 0.0656699 -0.00267769 0 0 0 
3.4996e-05 0.072981 -0.00102107 0 0 0 
3.00764e-05 0.0681123 0.00137905 0 0 0 
1.59621e-05 0.0524612 0.00178297 0 0 0 
-1.98043e-06 0.0291248 0.000183363 0 0 0 
-1.75664e-05 0.00235365 -0.00127125 0 0 0 
-2.58879e-05 -0.0231867 -0.00104782 0 0 0 
-2.48556e-05 -0.0432162 0.000254506 0 0 0 
-1.57028e-05 -0.0545629 0.00100462 0 0 0 
-2.33811e-06 -0.0556821 0.000514061 0 0 0 
1.01769e-05 -0.0468789 -0.000424327 0 0 0 
1.74599e-05 -0.0301999 -0.000705745 0 0 0 
1.73063e-05 -0.00901514 -0.000168106 0 0 0 
1.03468e-05 0.0126271 0.000435302 0 0 0 
-3.27474e-07 0.0307541 0.000441586 0 0 0 
-1.04021e-05 0.0421894 -2.82992e-05 0 0 0 
-1.59672e-05 0.045108 -0.000367256 0 0 0 
-1.49433e-05 0.039327 -0.000238817 0 0 0 
-7.80161e-06 0.0262832 0.000118945 0 0 0 
2.66504e-06 0.00870763 0.000272292 0 0 0 
1.24157e-05 -0.00993341 0.000100053 0 0 0 
1.76768e-05 -0.0261201 -0.000142932 0 0 0 
1.63447e-05 -0.0369507 -0.000180257 0 0 0 
8.76646e-06 -0.0406746 -1.57731e-05 0 0 0 
-2.37799e-06 -0.0369886 0.000130492 0 0 0 
-1.30457e-05 -0.027044 0.00010516 0 0 0 
-1.92992e-05 -0.0131721 -2.78301e-05 0 0 0 
-1.87421e-05 0.00161209 -0.000102451 0 0 0 
-1.14048e-05 0.014225 -5.09496e-05 0 0 0 
2.3863e-07 0.0221252 4.43219e-05 0 0 0 
1.21313e-05 0.0238002 7.15588e-05 0 0 0 
2.00653e-05 0.0190356 1.6025e-05 0 0 0 
2.11762e-05 0.00892084 -4.48626e-05 0 0 0 
1.49689e-05 -0.00440296 -4.44882e-05 0 0 0 
3.50989e-06 -0.0181971 3.64314e-06 0 0 0 
-9.28376e-06 -0.0296847 3.75629e-05 0 0 0 
-1.90072e-05 -0.0366018 2.38376e-05 0 0 0 
-2.23043e-05 -0.0376306 -1.25841e-05 0 0 0 
-1.80361e-05 -0.0326328 -2.76847e-05 0 0 0 
-7.67445e-06 -0.0226402 -9.78698e-06 0 0 0 
5.21609e-06 -0.00961455 1.48065e-05 0 0 0 
1.62218e-05 0.00397107 1.8219e-05 0 0 0 
2.16104e-05 0.0156377 1.31119e-06 0 0 0 
1.96135e-05 0.0233897 -1.33903e-05 0 0 0 
1.1016e-05 0.0260888 -1.05492e-05 0 0 0 
-1.14546e-06 0.023642 3.02751e-06 0 0 0 
-1.26605e-05 0.0169713 1.04451e-05 0 0 0 
-1.96143e-05 0.0077788 5.04489e-06 0 0 0 
-1.97323e-05 -0.00183753 -4.62497e-06 0 0 0 
-1.31344e-05 -0.00983289 -7.25357e-06 0 0 0 
-2.24647e-06 -0.0146356 -1.52039e-06 0 0 0 
9.08643e-06 -0.0154515 4.62143e-06 0 0 0 
1.69612e-05 -0.0123939 4.48035e-06 0 0 0 
1.87687e-05 -0.00641772 -4.48155e-07 0 0 0 
1.40668e-05 0.000922099 -3.84068e-06 0 0 0 
4.6786e-06 0.00783099 -2.37784e-06 0 0 0 
-6.00006e-06 0.0126748 1.32896e-06 0 0 0 
-1.42247e-05 0.0143331 2.81396e-06 0 0 0 
-1.72167e-05 0.0124323 9.55576e-07 0 0 0 
-1.41065e-05 0.00741183 -1.53285e-06 0 0 0 
-6.18276e-06 0.000412523 -1.84083e-06 0 0 0 
3.62118e-06 -0.00698376 -1.0354e-07 0 0 0 
1.18043e-05 -0.0131061 1.37351e-06 0 0 0 
1.55448e-05 -0.0165603 1.05776e-06 0 0 0 
1.36731e-05 -0.0165306 -3.27846e-07 0 0 0 
7.03462e-06 -0.0129537 -1.06458e-06 0 0 0 
-1.86805e-06 -0.00653025 -4.99025e-07 0 0 0 
-9.80939e-06 0.00142739 4.82156e-07 0 0 0 
-1.40039e-05 0.0092752 7.35035e-07 0 0 0 
-1.30805e-05 0.0153862 1.43465e-07 0 0 0 
-7.52696e-06 0.0184924 -4.75846e-07 0 0 0 
5.37449e-07 0.0179487 -4.51036e-07 0 0 0 
8.16323e-06 0.0138638 5.3455e-08 0 0 0 
1.26443e-05 0.00707292 3.92568e-07 0 0 0 
1.24748e-05 -0.00103997 2.37035e-07 0 0 0 
7.85105e-06 -0.00883221 -1.40111e-07 0 0 0 
5.53204e-07 -0.0147417 -2.85936e-07 0 0 0 
-6.73521e-06 -0.0176053 -9.31129e-08 0 0 0 
-1.14107e-05 -0.0168902 1.58592e-07 0 0 0 
-1.1877e-05 -0.0127929 1.85933e-07 0 0 0 
-8.08673e-06 -0.00618586 7.49765e-09 0 0 0 
-1.51408e-06 0.00157153 -1.40837e-07 0 0 0 
5.41489e-06 0.00891886 -1.06008e-07 0 0 0 
1.02164e-05 0.0144148 3.53594e-08 0 0 0 
1.12379e-05 0.0170255 1.0847e-07 0 0 0 
8.22457e-06 0.0163235 4.93091e-08 0 0 0 
2.36937e-06 0.0125568 -5.02196e-08 0 0 0 
-4.15569e-06 0.00657947 -7.44616e-08 0 0 0 
-9.00473e-06 -0.000340468 -1.34521e-08 0 0 0 
-1.05014e-05 -0.0067911 4.89735e-08 0 0 0 
-8.21696e-06 -0.0115083 4.53878e-08 0 0 0 
-3.08524e-06 -0.0136277 -6.23532e-09 0 0 0 
2.97434e-06 -0.0128462 -4.01128e-08 0 0 0 
7.77373e-06 -0.00946347 -2.36124e-08 0 0 0 
9.64679e-06 -0.00429721 1.47487e-08 0 0 0 
8.02741e-06 0.00150445 2.90464e-08 0 0 0 
3.61481e-06 0.00671235 9.05327e-09 0 0 0 
-1.91959e-06 0.010273 -1.63985e-08 0 0 0 
-6.56365e-06 0.0115196 -1.87739e-08 0 0 0 
-8.69617e-06 0.0102941 -4.54127e-10 0 0 0 
-7.65289e-06 0.00695955 1.44357e-08 0 0 0 
-3.92921e-06 0.00230292 1.06186e-08 0 0 0 
1.04039e-06 -0.00264683 -3.80002e-09 0 0 0 
5.43185e-06 -0.00684386 -1.10488e-08 0 0 0 
7.70049e-06 -0.0094453 -4.86674e-09 0 0 0 
7.12421e-06 -0.00997952 5.22619e-09 0 0 0 
4.03015e-06 -0.00842946 7.54089e-09 0 0 0 
-3.65138e-07 -0.00521668 1.252e-09 0 0 0 
-4.42942e-06 -0.00109324 -5.03808e-09 0 0 0 
-6.7195e-06 0.00303186 -4.56554e-09 0 0 0 
-6.49316e-06 0.00629246 7.15139e-10 0 0 0 
-3.94704e-06 0.00804745 4.09744e-09 0 0 0 
-1.05262e-07 0.00800736 2.35047e-09 0 0 0 
3.58672e-06 0.00628027 -1.55026e-09 0 0 0 
5.80366e-06 0.00333042 -2.94976e-09 0 0 0 
5.8153e-06 -0.000138149 -8.78139e-10 0 0 0 
3.7245e-06 -0.00334487 1.69465e-09 0 0 0 
3.92088e-07 -0.00560571 1.89497e-09 0 0 0 
-2.91089e-06 -0.00647809 1.48317e-11 0 0 0 
-4.98509e-06 -0.00584708 -1.47913e-09 0 0 0 
-5.13706e-06 -0.00393636 -1.0631e-09 0 0 0 
-3.40886e-06 -0.0012442 4.07077e-10 0 0 0 
-5.28007e-07 0.00157864 1.1251e-09 0 0 0 
2.39169e-06 0.00388033 4.79762e-10 0 0 0 
4.27748e-06 0.00515404 -5.43427e-10 0 0 0 
4.49028e-06 0.00514671 -7.63446e-10 0 0 0 
3.03922e-06 0.00390733 -1.15495e-10 0 0 0 
5.47039e-07 0.00176596 5.18063e-10 0 0 0 
-2.01005e-06 -0.000749809 4.59058e-10 0 0 0 
-3.68124e-06 -0.00304051 -8.09406e-11 0 0 0 
-3.89299e-06 -0.00457344 -4.18412e-10 0 0 0 
-2.6441e-06 -0.00500266 -2.33799e-10 0 0 0 
-4.78315e-07 -0.00424402 1.62728e-10 0 0 0 
1.74543e-06 -0.00248932 2.9947e-10 0 0 0 
3.19009e-06 -0.000157617 8.49535e-11 0 0 0 
3.35378e-06 0.00220406 -1.75031e-10 0 0 0 
2.24266e-06 0.00404731 -1.91204e-10 0 0 0 
3.44247e-07 0.00494744 1.67829e-12 0 0 0 
-1.57993e-06 0.00469876 1.51503e-10 0 0 0 
-2.79617e-06 0.00335925 1.06377e-10 0 0 0 
-2.87654e-06 0.00123515 -4.34825e-11 0 0 0 
-1.84806e-06 -0.00119021 -1.14535e-10 0 0 0 
-1.61814e-07 -0.00336681 -4.72342e-11 0 0 0 
1.49907e-06 -0.00480229 5.64619e-11 0 0 0 
2.49253e-06 -0.00517239 7.72677e-11 0 0 0 
2.46375e-06 -0.00439278 1.05397e-11 0 0 0 
1.47068e-06 -0.00263672 -5.32498e-11 0 0 0 
-5.50095e-08 -0.000295104 -4.61381e-11 0 0 0 
-1.49069e-06 0.00211184 9.06366e-12 0 0 0 
-2.27325e-06 0.00405101 4.27131e-11 0 0 0 
-2.11775e-06 0.00509505 2.32374e-11 0 0 0 
-1.12004e-06 0.00501662 -1.70595e-11 0 0 0 
2.93229e-07 0.00383778 -3.03942e-11 0 0 0 
1.54317e-06 0.00182376 -8.19483e-12 0 0 0 
2.13238e-06 -0.000577103 1.80683e-11 0 0 0 
1.84043e-06 -0.0028335 1.9286e-11 0 0 0 
8.05148e-07 -0.00444901 -4.94476e-13 0 0 0 
-5.39926e-07 -0.00507149 -1.55126e-11 0 0 0 
-1.64432e-06 -0.00456988 -1.06384e-11 0 0 0 
-2.06278e-06 -0.00306184 4.63253e-12 0 0 0 
-1.63225e-06 -0.000886237 1.16561e-11 0 0 0 
-5.33947e-07 0.00147284 4.64402e-12 0 0 0 
7.82451e-07 0.00349364 -5.86196e-12 0 0 0 
1.78112e-06 0.00473187 -7.81774e-12 0 0 0 
2.05556e-06 0.00491815 -9.49009e-13 0 0 0 
1.49143e-06 0.00401631 5.4711e-12 0 0 0 
3.12347e-07 0.00223006 4.63517e-12 0 0 0 
-1.00923e-06 -4.3075e-05 -1.00606e-12 0 0 0 
-1.94028e-06 -0.00230024 -4.35896e-12 0 0 0 
-2.10016e-06 -0.0040443 -2.30768e-12 0 0 0 
-1.41366e-06 -0.00489309 1.78627e-12 0 0 0 
-1.43607e-07 -0.00466281 3.08389e-12 0 0 0 
1.21064e-06 -0.00340746 7.87953e-13 0 0 0 
2.10913e-06 -0.00140594 -1.8642e-12 0 0 0 
2.18509e-06 0.000900137 -1.94459e-12 0 0 0 
1.39241e-06 0.00300391 8.31789e-14 0 0 0 
2.81934e-08 0.00444467 1.58782e-12 0 0 0 
-1.37958e-06 0.00490853 1.06331e-12 0 0 0 
-2.27643e-06 0.00429656 -4.92367e-13 0 0 0 
-2.29884e-06 0.00274562 -1.18589e-12 0 0 0 
-1.41966e-06 0.000597542 -4.55928e-13 0 0 0 
3.58877e-08 -0.00167638 6.0816e-13 0 0 0 
1.51153e-06 -0.00357875 7.90725e-13 0 0 0 
2.43291e-06 -0.00469481 8.3998e-14 0 0 0 
2.43058e-06 -0.0047826 -5.61898e-13 0 0 0 
1.48667e-06 -0.00382515 -4.65457e-13 0 0 0 
-5.24865e-08 -0.00203345 1.10851e-13 0 0 0 
-1.6044e-06 0.000200343 4.44705e-13 0 0 0 
-2.57142e-06 0.00238879 2.28976e-13 0 0 0 
-2.57069e-06 0.00405558 -1.86826e-13 0 0 0 
-1.58466e-06 0.00483899 -3.12808e-13 0 0 0 
2.66578e-08 0.00457017 -7.54912e-14 0 0 0 
1.65797e-06 0.00330916 1.92243e-13 0 0 0 
2.68679e-06 0.00133113 1.96001e-13 0 0 0 
2.71099e-06 -0.000933983 -1.17993e-14 0 0 0 
1.70526e-06 -0.00299509 -1.62468e-13 0 0 0 
3.58825e-08 -0.00440653 -1.06215e-13 0 0 0 
-1.6735e-06 -0.0048643 5.22174e-14 0 0 0 
-2.77557e-06 -0.00427132 1.20617e-13 0 0 0 
-2.84465e-06 -0.00275766 4.46908e-14 0 0 0 
-1.84076e-06 -0.000651675 -6.3051e-14 0 0 0 
-1.29135e-07 0.00159162 -7.99522e-14 0 0 0 
1.65331e-06 0.00348909 -7.26813e-15 0 0 0 
2.83574e-06 0.00463365 5.76857e-14 0 0 0 
2.96619e-06 0.0047816 4.67195e-14 0 0 0 
1.98415e-06 0.00390429 -1.21376e-14 0 0 0 
2.47049e-07 0.00219335 -4.53552e-14 0 0 0 
-1.60047e-06 1.84302e-05 -2.26991e-14 0 0 0 
-2.86647e-06 -0.00215302 1.95192e-14 0 0 0 
-3.07128e-06 -0.00385655 3.17195e-14 0 0 0 
-2.12921e-06 -0.00473021 7.20329e-15 0 0 0 
-3.83663e-07 -0.0045916 -1.9815e-14 0 0 0 
1.51866e-06 -0.00347578 -1.97481e-14 0 0 0 
2.86796e-06 -0.00162643 1.53906e-15 0 0 0 
3.15667e-06 0.000557624 1.66185e-14 0 0 0 
2.27048e-06 0.00260877 1.06033e-14 0 0 0 
5.33218e-07 0.00409104 -5.5268e-15 0 0 0 
-1.41197e-06 0.004693 -1.22643e-14 0 0 0 
-2.8413e-06 0.00429331 -4.37329e-15 0 0 0 
-3.22017e-06 0.00298514 6.53246e-15 0 0 0 
-2.40329e-06 0.00105449 8.08154e-15 0 0 0 
-6.90256e-07 -0.00108246 6.09434e-16 0 0 0 
1.28477e-06 -0.00296932 -5.91987e-15 0 0 0 
2.78833e-06 -0.00420714 -4.68722e-15 0 0 0 
3.26053e-06 -0.00453903 1.32184e-15 0 0 0 
2.52384e-06 -0.00390352 4.62436e-15 0 0 0 
8.49743e-07 -0.00244579 2.2481e-15 0 0 0 
-1.1416e-06 -0.000484596 -2.03726e-15 0 0 0 
-2.71154e-06 0.00155743 -3.21546e-15 0 0 0 
-3.27745e-06 0.00324502 -6.84173e-16 0 0 0 
-2.62917e-06 0.00422316 2.04141e-15 0 0 0 
-1.00717e-06 0.00429192 1.98898e-15 0 0 0 
9.86934e-07 0.00344735 -1.90935e-16 0 0 0 
2.61391e-06 0.00188009 -1.69931e-15 0 0 0 
3.27139e-06 -6.7508e-05 -1.05785e-15 0 0 0 
2.7172e-06 -0.00197616 5.8389e-16 0 0 0 
1.15866e-06 -0.00343998 1.24666e-15 0 0 0 
-8.25108e-07 -0.00415285 4.27177e-16 0 0 0 
-2.49873e-06 -0.00397253 -6.76369e-16 0 0 0 
-3.24355e-06 -0.00294897 -8.1661e-16 0 0 0 
-2.78666e-06 -0.00131125 -4.87769e-17 0 0 0 
-1.301e-06 0.000583553 6.07283e-16 0 0 0 
6.60135e-07 0.00232817 4.70031e-16 0 0 0 
2.36944e-06 0.00355272 -1.43278e-16 0 0 0 
3.19566e-06 0.00400316 -4.71351e-16 0 0 0 
2.83705e-06 0.00359399 -2.22425e-16 0 0 0 
1.43168e-06 0.00242431 2.12429e-16 0 0 0 
-4.95628e-07 0.000754194 3.25859e-16 0 0 0 
-2.2295e-06 -0.00105302 6.4641e-17 0 0 0 
-3.12987e-06 -0.0026097 -2.10215e-16 0 0 0 
-2.8685e-06 -0.00358709 -2.00247e-16 0 0 0 
-1.54884e-06 -0.0037847 2.29095e-17 0 0 0 
3.3473e-07 -0.00317144 1.73704e-16 0 0 0 
2.08227e-06 -0.00188989 1.05468e-16 0 0 0 
3.04858e-06 -0.000223431 -6.15811e-17 0 0 0 
2.88171e-06 0.0014663 -1.26685e-16 0 0 0 
1.6513e-06 0.00281785 -4.16438e-17 0 0 0 
-1.80082e-07 0.00354722 6.99878e-17 0 0 0 
-1.93086e-06 0.00350754 8.2488e-17 0 0 0 
-2.95435e-06 0.00271853 3.61746e-18 0 0 0 
-2.87782e-06 0.00135991 -6.22742e-17 0 0 0 
-1.73841e-06 -0.000269322 -4.71113e-17 0 0 0 
3.38124e-08 -0.00181661 1.54661e-17 0 0 0 
1.77816e-06 -0.00295205 4.80294e-17 0 0 0 
2.8498e-06 -0.00343873 2.19834e-17 0 0 0 
2.85831e-06 -0.00318207 -2.21302e-17 0 0 0 
1.81006e-06 -0.00224805 -3.30128e-17 0 0 0 
1.02447e-07 -0.000846748 -6.07011e-18 0 0 0 
-1.62671e-06 0.000714786 2.16372e-17 0 0 0 
-2.73749e-06 0.00209969 2.01526e-17 0 0 0 
-2.82488e-06 0.00301392 -2.68402e-18 0 0 0 
-1.86655e-06 0.00326865 -1.77504e-17 0 0 0 
-2.27541e-07 0.00281916 -1.05079e-17 0 0 0 
1.47868e-06 0.00177236 6.48448e-18 0 0 0 
2.61986e-06 0.000361597 1.287e-17 0 0 0 
2.77941e-06 -0.00110522 4.05101e-18 0 0 0 
1.90857e-06 -0.00231276 -7.23772e-18 0 0 0 
3.40757e-07 -0.003006 -8.32952e-18 0 0 0 
-1.3359e-06 -0.00304407 -2.3129e-19 0 0 0 
-2.4992e-06 -0.00242871 6.38361e-18 0 0 0 
-2.72386e-06 -0.00130187 4.71961e-18 0 0 0 
-1.93709e-06 8.69129e-05 -1.66338e-18 0 0 0 
-4.41783e-07 0.00143564 -4.8926e-18 0 0 0 
1.19983e-06 0.00245547 -2.17028e-18 0 0 0 
2.37757e-06 0.00293252 2.30344e-18 0 0 0 
2.66018e-06 0.00277268 3.34351e-18 0 0 0 
1.95329e-06 0.00202004 5.65941e-19 0 0 0 
5.30662e-07 0.00084532 -2.22611e-18 0 0 0 
-1.07154e-06 -0.000492661 -2.02733e-18 0 0 0 
-2.25679e-06 -0.00170395 3.08873e-19 0 0 0 
-2.59028e-06 -0.00253023 1.81329e-18 0 0 0 
-1.95852e-06 -0.00279983 1.04616e-18 0 0 0 
-6.07742e-07 -0.00246336 -6.81805e-19 0 0 0 
9.51787e-07 -0.00160251 -1.30707e-18 0 0 0 
2.13839e-06 -0.000410448 -3.9315e-19 0 0 0 
2.51595e-06 0.000851326 7.48051e-19 0 0 0 
1.95423e-06 0.00191029 8.40816e-19 0 0 0 
6.7362e-07 0.0025417 9.63273e-21 0 0 0 
-8.40985e-07 0.0026162 -6.54137e-19 0 0 0 
-2.02366e-06 0.00212628 -4.72565e-19 0 0 0 
-2.43887e-06 0.00118605 1.7831e-19 0 0 0 
-1.94189e-06 4.84769e-06 4.98246e-19 0 0 0 
-7.29089e-07 -0.00115923 2.14004e-19 0 0 0 
7.39272e-07 -0.00205565 -2.39558e-19 0 0 0 
1.91358e-06 -0.0024953 -3.38523e-19 0 0 0 
2.36051e-06 -0.00239031 -5.23169e-20 0 0 0 
1.92295e-06 -0.00177151 2.28931e-19 0 0 0 
7.75086e-07 -0.000779993 2.03863e-19 0 0 0 
-6.46537e-07 0.000364843 -3.50523e-20 0 0 0 
-1.80887e-06 0.0014138 -1.85178e-19 0 0 0 
-2.28217e-06 0.00214201 -1.04078e-19 0 0 0 
-1.89882e-06 0.00239709 7.15889e-20 0 0 0 
-8.12641e-07 0.00213095 1.32707e-19 0 0 0 
5.6246e-07 0.00140864 3.80572e-20 0 0 0 
1.71003e-06 0.000392718 -7.72714e-20 0 0 0 
2.20492e-06 -0.000693229 -8.48459e-20 0 0 0 
1.8708e-06 -0.00161372 4.32145e-22 0 0 0 
8.42832e-07 -0.00217234 6.70065e-20 0 0 0 
-4.86551e-07 -0.00225361 4.72918e-20 0 0 0 
-1.61728e-06 -0.00184676 -1.9058e-20 0 0 0 
-2.12966e-06 -0.00104657 -5.07246e-20 0 0 0 
-1.84009e-06 -3.14477e-05 -2.10756e-20 0 0 0 
-8.66742e-07 0.00097627 2.48942e-20 0 0 0 
4.18197e-07 0.00175893 3.4264e-20 0 0 0 
1.53069e-06 0.0021505 4.78662e-21 0 0 0 
2.05706e-06 0.00207175 -2.35332e-20 0 0 0 
1.80773e-06 0.00154611 -2.04914e-20 0 0 0 
8.85431e-07 0.000693304 3.93367e-21 0 0 0 
-3.56694e-07 -0.000297909 1.8905e-20 0 0 0 
-1.45014e-06 -0.00121139 1.03463e-20 0 0 0 
-1.98759e-06 -0.00185069 -7.50703e-21 0 0 0 
-1.77463e-06 -0.00208127 -1.34698e-20 0 0 0 
-8.99902e-07 -0.00185867 -3.67354e-21 0 0 0 
3.01285e-07 -0.00123701 7.97758e-21 0 0 0 
1.37535e-06 -0.000355923 8.55871e-21 0 0 0 
1.92158e-06 0.000590705 -1.87409e-22 0 0 0 
1.74154e-06 0.00139735 -6.86142e-21 0 0 0 
9.11081e-07 0.00189141 -4.73011e-21 0 0 0 
-2.5119e-07 0.00197009 2.03153e-21 0 0 0 
-1.30597e-06 0.00162169 5.16256e-21 0 0 0 
-1.85916e-06 0.000926986 2.07277e-21 0 0 0 
-1.70907e-06 4.05592e-05 -2.58498e-21 0 0 0 
-9.19803e-07 -0.00084352 -3.46698e-21 0 0 0 
2.05635e-07 -0.00153415 -4.32388e-22 0 0 0 
1.24153e-06 -0.00188445 2.41811e-21 0 0 0 
1.80035e-06 -0.00182294 2.05882e-21 0 0 0 
1.67766e-06 -0.00136803 -4.37421e-22 0 0 0 
9.26794e-07 -0.000622944 -1.92943e-21 0 0 0 
-1.63874e-07 0.000247691 -1.02766e-21 0 0 0 
-1.18153e-06 0.00105415 7.86253e-22 0 0 0 
-1.74504e-06 0.00162291 1.36678e-21 0 0 0 
-1.64765e-06 0.00183396 3.53481e-22 0 0 0 
-9.32675e-07 0.00164605 -8.23184e-22 0 0 0 
1.2521e-07 0.00110464 -8.63039e-22 0 0 0 
1.12542e-06 0.000331018 3.3633e-23 0 0 0 
1.69303e-06 -0.00050485 7.02363e-22 0 0 0 
1.6192e-06 -0.00122161 4.72834e-22 0 0 0 
9.3795e-07 -0.00166583 -2.1603e-22 0 0 0 
-8.90048e-08 -0.00174483 -5.25271e-22 0 0 0 
-1.07267e-06 -0.00144591 -2.03562e-22 0 0 0 
-1.64405e-06 -0.000838172 2.68225e-22 0 0 0 
-1.59242e-06 -5.65788e-05 3.50693e-22 0 0 0 
-9.43015e-07 0.00072798 3.84314e-23 0 0 0 
5.46961e-08 0.00134602 -2.48369e-22 0 0 0 
1.02275e-06 0.00166605 -2.06764e-22 0 0 0 
1.59776e-06 0.00162249 4.827e-23 0 0 0 
1.56728e-06 0.00122907 1.96855e-22 0 0 0 
9.48162e-07 0.000574864 1.01988e-22 0 0 0 
-2.17989e-08 -0.000195781 -8.22541e-23 0 0 0 
-9.75129e-07 -0.000915112 -1.38645e-22 0 0 0 
-1.55382e-06 -0.00142844 -3.3894e-23 0 0 0 
-1.5437e-06 -0.00162739 8.48987e-23 0 0 0 
-9.53582e-07 -0.0014727 8.69951e-23 0 0 0 
-1.00898e-08 -0.00100194 -4.90049e-24 0 0 0 
9.29357e-07 -0.000320424 -7.18723e-23 0 0 0 
1.51185e-06 0.000422289 -4.7238e-23 0 0 0 
1.52151e-06 0.0010652 2.29214e-23 0 0 0 
9.59384e-07 0.00147074 5.34285e-23 0 0 0 
4.12907e-08 0.0015542 1.99606e-23 0 0 0 
-8.85011e-07 0.00130134 -2.78124e-23 0 0 0 
-1.47149e-06 0.000770666 -3.54619e-23 0 0 0 
-1.50052e-06 7.99132e-05 -3.34407e-24 0 0 0 
-9.65598e-07 -0.000620028 2.55003e-23 0 0 0 
-7.20459e-08 -0.00117807 2.07557e-23 0 0 0 
8.41729e-07 -0.0014755 -5.2922e-24 0 0 0 
1.43236e-06 -0.00145123 -2.00785e-23 0 0 0 
1.4805e-06 -0.00111427 -1.01125e-23 0 0 0 
9.7219e-07 -0.000540944 8.59573e-24 0 0 0 
1.02523e-07 0.000142339 1.40599e-23 0 0 0 
-7.99206e-07 0.000786954 3.23717e-24 0 0 0 
-1.39415e-06 0.00125437 -8.75168e-24 0 0 0 
-1.4612e-06 0.00144588 -8.76594e-24 0 0 0 
-9.79077e-07 0.00132346 6.48639e-25 0 0 0 
-1.32822e-07 0.000917168 7.35219e-24 0 0 0 
7.57198e-07 0.000317941 4.71639e-24 0 0 0 
1.35655e-06 -0.00034279 -2.42709e-24 0 0 0 
1.44237e-06 -0.000921889 -5.43295e-24 0 0 0 
9.86132e-07 -0.00129551 -1.95402e-24 0 0 0 
1.62984e-07 -0.00138555 2.88195e-24 0 0 0 
-7.15521e-07 -0.00117596 3.58474e-24 0 0 0 
-1.3193e-06 -0.000715448 2.82635e-25 0 0 0 
-1.42375e-06 -0.000106217 -2.61713e-24 0 0 0 
-9.93203e-07 0.000518702 -2.08257e-24 0 0 0 
-1.92997e-07 0.00102448 5.76994e-25 0 0 0 
6.74046e-07 0.00130356 2.04731e-24 0 0 0 
1.28218e-06 0.00129853 1.00174e-24 0 0 0 
1.40511e-06 0.00101383 -8.97352e-25 0 0 0 
1.00012e-06 0.000514152 -1.42537e-24 0 0 0 
2.22808e-07 -9.03209e-05 -3.07797e-25 0 0 0 
-6.32695e-07 -0.000668129 9.01723e-25 0 0 0 
-1.24502e-06 -0.00109514 8.82955e-25 0 0 0 
-1.38624e-06 -0.00128119 -8.12172e-26 0 0 0 
-1.0067e-06 -0.00118911 -7.51844e-25 0 0 0 
-2.52331e-07 -0.000842065 -4.70601e-25 0 0 0 
5.91439e-07 -0.000317872 2.56516e-25 0 0 0 
1.20767e-06 0.000268453 5.52294e-25 0 0 0 
1.36696e-06 0.000789899 1.90945e-25 0 0 0 
1.01277e-06 0.00113497 -2.98438e-25 0 0 0 
2.81456e-07 0.0012315 -3.62251e-25 0 0 0 
-5.50286e-07 0.00106171 -2.28965e-26 0 0 0 
-1.17006e-06 0.000665415 2.68498e-25 0 0 0 
-1.34709e-06 0.000130686 2.08861e-25 0 0 0 
-1.01816e-06 -0.000425659 -6.26038e-26 0 0 0 
-3.10054e-07 -0.000883576 -2.08692e-25 0 0 0 
5.09282e-07 -0.00114568 -9.91343e-26 0 0 0 
1.13212e-06 -0.00115795 9.35881e-26 0 0 0 
1.32653e-06 -0.000920799 1.44459e-25 0 0 0 
1.02271e-06 -0.000488355 2.91166e-26 0 0 0 
3.37989e-07 4.3887e-05 -9.28649e-26 0 0 0 
-4.68498e-07 0.000560117 -8.89022e-26 0 0 0 
-1.09385e-06 0.000949404 9.8072e-27 0 0 0 
-1.30517e-06 0.00112952 7.68595e-26 0 0 0 
-1.02629e-06 0.00106427 4.69258e-26 0 0 0 
-3.65124e-07 0.000770751 -2.70638e-26 0 0 0 
4.28026e-07 0.000314981 -5.61278e-26 0 0 0 
1.05526e-06 -0.000202915 -1.86229e-26 0 0 0 
1.28296e-06 -0.000670678 3.08853e-26 0 0 0 
1.02876e-06 -0.000988244 3.65946e-26 0 0 0 
3.91323e-07 -0.00108913 1.73364e-27 0 0 0 
-3.87972e-07 -0.000954319 -2.75355e-26 0 0 0 
-1.0164e-06 -0.000615789 -2.09365e-26 0 0 0 
-1.25986e-06 -0.000148961 6.76365e-27 0 0 0 
-1.03005e-06 0.000344066 2.12666e-26 0 0 0 
-4.16461e-07 0.000756832 9.80025e-27 0 0 0 
3.48453e-07 0.00100149 -9.75164e-27 0 0 0 
9.77334e-07 0.0010275 -1.46361e-26 0 0 0 
1.23587e-06 0.000832004 -2.73811e-27 0 0 0 
1.03007e-06 0.000459887 9.55943e-27 0 0 0 
4.40425e-07 -6.51728e-06 8.9478e-27 0 0 0 
-3.09586e-07 -0.000465614 -1.15435e-27 0 0 0 
-9.38146e-07 -0.000818665 -7.85464e-27 0 0 0 
-1.21101e-06 -0.00099101 -4.676e-27 0 0 0 
-1.02879e-06 -0.000947835 2.85078e-27 0 0 0 
-4.63116e-07 -0.00070117 5.70239e-27 0 0 0 
2.71489e-07 -0.000306699 1.81247e-27 0 0 0 
8.98932e-07 0.000148778 -3.19439e-27 0 0 0 
1.18533e-06 0.000566425 -3.69555e-27 0 0 0 
1.02618e-06 0.000856809 -1.15799e-28 0 0 0 
4.84452e-07 0.000959031 2.82284e-27 0 0 0 
-2.34273e-07 0.00085348 2.09765e-27 0 0 0 
-8.59798e-07 0.00056553 -7.27991e-28 0 0 0 
-1.15889e-06 0.000159501 -2.1665e-27 0 0 0 
-1.02224e-06 -0.000275677 -9.67764e-28 0 0 0 
-5.04372e-07 -0.000645935 1.0152e-27 0 0 0 
1.98042e-07 -0.00087238 1.48244e-27 0 0 0 
8.20853e-07 -0.000908093 2.55716e-28 0 0 0 
1.13177e-06 -0.000747821 -9.83603e-28 0 0 0 
1.01699e-06 -0.000428583 -9.00217e-28 0 0 0 
5.22831e-07 -2.11523e-05 1.33314e-28 0 0 0 
-1.62889e-07 0.000385608 8.02447e-28 0 0 0 
-7.82204e-07 0.000704117 4.65618e-28 0 0 0 
-1.10405e-06 0.000866918 -2.99839e-28 0 0 0 
-1.01047e-06 0.000840946 -5.79173e-28 0 0 0 
-5.39803e-07 0.000634214 -1.75994e-28 0 0 0 
1.28892e-07 0.00029356 3.30196e-28 0 0 0 
7.43958e-07 -0.000105939 3.73072e-28 0 0 0 
1.07583e-06 -0.00047749 5.62381e-30 0 0 0 
1.00272e-06 -0.000741435 -2.89283e-28 0 0 0 
5.5528e-07 -0.000842309 -2.10058e-28 0 0 0 
-9.61179e-08 -0.000760477 7.80928e-29 0 0 0 
-7.06215e-07 -0.00051591 2.20643e-28 0 0 0 
-1.04721e-06 -0.000163369 9.54535e-29 0 0 0 
-9.93825e-07 0.000219827 -1.056e-28 0 0 0 
-5.6927e-07 0.00055075 -1.50104e-28 0 0 0 
6.46174e-08 0.000758792 -2.36867e-29 0 0 0 
6.69067e-07 0.00080072 1.01162e-28 0 0 0 
1.0183e-06 0.000669633 9.05318e-29 0 0 0 
9.83843e-07 0.00039599 -1.51716e-29 0 0 0 
5.81796e-07 4.05627e-05 -8.19538e-29 0 0 0 
-3.44272e-08 -0.000319035 -4.63301e-29 0 0 0 
-6.32596e-07 -0.000605287 3.14921e-29 0 0 0 
-9.89178e-07 -0.000757471 5.88073e-29 0 0 0 
-9.72862e-07 -0.000744522 1.70464e-29 0 0 0 
-5.92892e-07 -0.000571348 -3.41123e-29 0 0 0 
5.57014e-09 -0.000277311 -3.76493e-29 0 0 0 
5.96875e-07 7.26955e-05 5.35171e-32 0 0 0 
9.59955e-07 0.000402549 2.9635e-29 0 0 0 
9.60966e-07 0.000641443 2.1024e-29 0 0 0 
6.02604e-07 0.000739076 -8.35191e-30 0 0 0 
2.19443e-08 0.000676222 -2.24644e-29 0 0 0 
-5.61964e-07 0.000468479 -9.40314e-30 0 0 0 
-9.30719e-07 0.00016246 1.09755e-29 0 0 0 
-9.48245e-07 -0.000174641 1.5194e-29 0 0 0 
-6.10988e-07 -0.000469797 2.1725e-30 0 0 0 
-4.81188e-08 -0.000659947 -1.04e-29 0 0 0 
5.27914e-07 -0.000705463 -9.10069e-30 0 0 0 
9.01553e-07 -0.000598388 1.70647e-30 0 0 0 
9.34786e-07 -0.000363744 8.36731e-30 0 0 0 
6.18105e-07 -5.37195e-05 4.6064e-30 0 0 0 
7.29668e-08 0.000263919 -3.30328e-30 0 0 0 
-4.94763e-07 0.000520628 -5.96933e-30 0 0 0 
-8.72533e-07 0.00066187 -1.64651e-30 0 0 0 
-9.20675e-07 0.000658682 3.52221e-30 0 0 0 
-6.24021e-07 0.000513593 3.79811e-30 0 0 0 
-9.6511e-08 0.000259677 -6.9003e-32 0 0 0 
4.62538e-07 -4.69618e-05 -3.03484e-30 0 0 0 
8.43727e-07 -0.000339573 -2.10307e-30 0 0 0 
9.05996e-07 -0.000555279 8.90792e-31 0 0 0 
6.28804e-07 -0.000648573 2.28649e-30 0 0 0 
1.18782e-07 -0.000600908 9.25075e-31 0 0 0 
-4.31258e-07 -0.000424349 -1.13987e-30 0 0 0 
-8.15195e-07 -0.000158583 -1.5375e-30 0 0 0 
-8.90827e-07 0.000137982 -1.96851e-31 0 0 0 
-6.32526e-07 0.000401042 1.06873e-30 0 0 0 
-1.39817e-07 0.000574332 9.14456e-31 0 0 0 
4.00931e-07 0.000621645 -1.90115e-31 0 0 0 
7.86985e-07 0.000534382 -8.54018e-31 0 0 0 
8.75242e-07 0.000333057 -4.57624e-31 0 0 0 
6.35254e-07 6.25029e-05 3.46061e-31 0 0 0 
1.59657e-07 -0.000218094 6.05746e-31 0 0 0 
-3.71558e-07 -0.000448134 1.58547e-31 0 0 0 
-7.59141e-07 -0.000578679 -3.63488e-31 0 0 0 
-8.59307e-07 -0.000582853 -3.83023e-31 0 0 0 
-6.37059e-07 -0.000461357 1.34748e-32 0 0 0 
-1.78348e-07 -0.000241963 3.10682e-31 0 0 0 
3.43132e-07 2.6808e-05 2.10255e-31 0 0 0 
7.31695e-07 0.000286406 -9.47745e-32 0 0 0 
8.43083e-07 0.000480998 -2.32657e-31 0 0 0 
6.38005e-07 0.000569467 -9.08793e-32 0 0 0 
1.95937e-07 0.000534085 1.18295e-31 0 0 0 
-3.15641e-07 0.00038404 1.55532e-31 0 0 0 
-7.04674e-07 0.000153117 1.75654e-32 0 0 0 
-8.26626e-07 -0.000107897 -1.09781e-31 0 0 0 
-6.38155e-07 -0.000342368 -9.18464e-32 0 0 0 
-2.1247e-07 -0.000500097 2.10126e-32 0 0 0 
2.89068e-07 -0.000548057 8.71393e-32 0 0 0 
6.78098e-07 -0.000477294 4.54245e-32 0 0 0 
8.09982e-07 -0.000304552 -3.62123e-32 0 0 0 
6.37567e-07 -6.83453e-05 -6.14507e-32 0 0 0 
2.27998e-07 0.000179622 -1.52148e-32 0 0 0 
-2.63394e-07 0.00038576 3.74924e-32 0 0 0 
-6.5198e-07 0.000506167 3.86121e-32 0 0 0 
-7.93193e-07 0.000515973 -2.0262e-33 0 0 0 
-6.36295e-07 0.000414452 -3.17942e-32 0 0 0 
-2.42565e-07 0.000224883 -2.1008e-32 0 0 0 
2.38594e-07 -1.07722e-05 1.00606e-32 0 0 0 
6.26328e-07 -0.000241149 2.36665e-32 0 0 0 
7.76295e-07 -0.000416663 8.91442e-33 0 0 0 
6.34389e-07 -0.000500178 -1.2268e-32 0 0 0 
2.56217e-07 -0.00047485 -1.57285e-32 0 0 0 
-2.14645e-07 -0.000347502 -1.53646e-33 0 0 0 
-6.01146e-07 -0.000146859 1.12723e-32 0 0 0 
-7.59319e-07 8.29188e-05 9.22078e-33 0 0 0 
-6.31893e-07 0.000291947 -2.30686e-33 0 0 0 
-2.68996e-07 0.000435439 -8.8885e-33 0 0 0 
1.91522e-07 0.000483292 -4.5049e-33 0 0 0 
5.76435e-07 0.000426393 3.78515e-33 0 0 0 
7.42289e-07 0.000278315 6.23208e-33 0 0 0 
6.28848e-07 7.21135e-05 1.45447e-33 0 0 0 
2.80943e-07 -0.000147047 -3.86527e-33 0 0 0 
-1.69199e-07 -0.000331775 -3.89102e-33 0 0 0 
-5.52194e-07 -0.000442692 2.7265e-34 0 0 0 
-7.25227e-07 -0.000456821 3.25263e-33 0 0 0 
-6.25289e-07 -0.000372328 2.09779e-33 0 0 0 
-2.92095e-07 -0.000208656 -1.06575e-33 0 0 0 
1.47651e-07 -2.0677e-06 -2.40671e-33 0 0 0 
5.28418e-07 0.000202381 -8.72996e-34 0 0 0 
7.08151e-07 0.00036066 1.2714e-33 0 0 0 
6.21249e-07 0.000439238 1.59006e-33 0 0 0 
3.02485e-07 0.000422182 1.30812e-34 0 0 0 
-1.26854e-07 0.000314362 -1.15699e-33 0 0 0 
-5.05102e-07 0.00014015 -9.25283e-34 0 0 0 
-6.91075e-07 -6.20841e-05 2.51804e-34 0 0 0 
-6.16755e-07 -0.000248409 9.06381e-34 0 0 0 
-3.12145e-07 -0.000378875 4.46351e-34 0 0 0 
1.06787e-07 -0.000426067 -3.95238e-34 0 0 0 
4.82241e-07 -0.000380859 -6.31842e-34 0 0 0 
6.74011e-07 -0.000254147 -1.38438e-34 0 0 0 
6.11833e-07 -7.42574e-05 3.98297e-34 0 0 0 
3.21102e-07 0.000119383 3.91958e-34 0 0 0 
-8.74286e-08 0.000284876 -3.44871e-35 0 0 0 
-4.59827e-07 0.000386914 -3.32642e-34 0 0 0 
-6.5697e-07 0.000404305 -2.09347e-34 0 0 0 
-6.06505e-07 0.000334361 1.12683e-34 0 0 0 
-3.29383e-07 0.000193246 2.44674e-34 0 0 0 
6.876e-08 1.22577e-05 8.53431e-35 0 0 0 
4.37857e-07 -0.000169107 -1.31678e-34 0 0 0 
6.39961e-07 -0.000311764 -1.60693e-34 0 0 0 
6.0079e-07 -0.000385459 -1.07137e-35 0 0 0 
3.37009e-07 -0.000375179 1.18709e-34 0 0 0 
-5.0764e-08 -0.000284188 9.28062e-35 0 0 0 
-4.16324e-07 -0.000133103 -2.73484e-35 0 0 0 
-6.22992e-07 4.47684e-05 -9.23977e-35 0 0 0 
-5.94707e-07 0.000210767 -4.41816e-35 0 0 0 
-3.44002e-07 0.000329274 4.12295e-35 0 0 0 
3.34255e-08 0.000375351 6.40401e-35 0 0 0 
3.95224e-07 0.000339977 1.31114e-35 0 0 0 
6.0607e-07 0.000231794 -4.10232e-35 0 0 0 
5.88272e-07 7.50249e-05 -3.94685e-35 0 0 0 
3.50379e-07 -9.59448e-05 4.19315e-36 0 0 0 
-1.67309e-08 -0.0002441 3.40078e-35 0 0 0 
-3.74553e-07 -0.000337805 2.08781e-35 0 0 0 
-5.89203e-07 -0.000357554 -1.18931e-35 0 0 0 
-5.815e-07 -0.000300018 -2.4867e-35 0 0 0 
-3.56158e-07 -0.000178562 -8.32718e-36 0 0 0 
6.68192e-10 -2.01582e-05 1.36291e-35 0 0 0 
3.5431e-07 0.000140603 1.62344e-35 0 0 0 
5.72399e-07 0.000269054 8.26067e-37 0 0 0 
5.74406e-07 0.000337926 -1.21751e-35 0 0 0 
3.61354e-07 0.000333127 -9.30401e-36 0 0 0 
1.47732e-08 0.000256615 2.95734e-36 0 0 0 
-3.34492e-07 0.000125776 9.41632e-36 0 0 0 
-5.55666e-07 -3.05197e-05 4.36875e-36 0 0 0 
-5.67003e-07 -0.000178278 -4.29686e-36 0 0 0 
-3.65983e-07 -0.000285772 -6.4888e-36 0 0 0 
-2.96028e-08 -0.000330347 -1.23469e-36 0 0 0 
3.15098e-07 -0.000303189 4.22331e-36 0 0 0 
5.39011e-07 -0.000211051 3.97276e-36 0 0 0 
5.59306e-07 -7.45997e-05 -4.96013e-37 0 0 0 
3.70057e-07 7.62101e-05 -3.47567e-36 0 0 0 
4.38288e-08 0.000208706 -2.08075e-36 0 0 0 
-2.9613e-07 0.000294572 1.2532e-36 0 0 0 
-5.22445e-07 0.000315895 2.52656e-36 0 0 0 
-5.51329e-07 0.000268891 8.10832e-37 0 0 0 
-3.7359e-07 0.000164546 -1.40981e-36 0 0 0 
-5.74591e-08 2.60622e-05 -1.63958e-36 0 0 0 
2.77588e-07 -0.000116296 -5.72067e-38 0 0 0 
5.05975e-07 -0.000231808 1.24824e-36 0 0 0 
5.43085e-07 -0.000295926 9.32284e-37 0 0 0 
3.76595e-07 -0.000295482 -3.18559e-37 0 0 0 
7.05008e-08 -0.000231382 -9.59337e-37 0 0 0 
-2.59473e-07 -0.000118239 -4.31517e-37 0 0 0 
-4.89612e-07 1.8955e-05 4.47414e-37 0 0 0 
-5.34588e-07 0.000150339 6.57269e-37 0 0 0 
-3.79087e-07 0.00024768 1.15497e-37 0 0 0 
-8.29608e-08 0.000290435 -4.34593e-37 0 0 0 
2.41788e-07 0.000270078 -3.99725e-37 0 0 0 
4.73366e-07 0.00019179 5.74996e-38 0 0 0 
5.25854e-07 7.31677e-05 3.55107e-37 0 0 0 
3.81077e-07 -5.97253e-05 2.07225e-37 0 0 0 
9.48459e-08 -0.000178078 -1.31852e-37 0 0 0 
-2.24536e-07 -0.000256574 -2.56631e-37 0 0 0 
-4.57249e-07 -0.000278803 -7.87746e-38 0 0 0 
-5.16898e-07 -0.000240686 1.45747e-37 0 0 0 
-3.82579e-07 -0.000151193 1.65531e-37 0 0 0 
-1.06163e-07 -3.02536e-05 3.09224e-39 0 0 0 
2.07718e-07 9.56806e-05 -1.27929e-37 0 0 0 
4.4127e-07 0.000199414 -9.33693e-38 0 0 0 
5.07734e-07 0.000258878 3.41967e-38 0 0 0 
3.83607e-07 0.000261817 9.77084e-38 0 0 0 
1.16919e-07 0.000208312 4.25731e-38 0 0 0 
-1.91338e-07 0.0001106 -4.65477e-38 0 0 0 
-4.25442e-07 -9.70945e-06 -6.65561e-38 0 0 0 
-4.98379e-07 -0.000126411 -1.07191e-38 0 0 0 
-3.84176e-07 -0.000214406 4.47016e-38 0 0 0 
-1.27121e-07 -0.000255099 4.02027e-38 0 0 0 
1.75398e-07 -0.000240318 -6.56297e-39 0 0 0 
4.09775e-07 -0.000173946 -3.62695e-38 0 0 0 
4.88848e-07 -7.09343e-05 -2.06228e-38 0 0 0 
3.84301e-07 4.60619e-05 1.38526e-38 0 0 0 
1.36777e-07 0.000151659 2.60592e-38 0 0 0 
-1.599e-07 0.00022325 7.63432e-39 0 0 0 
-3.94282e-07 0.000245839 -1.50589e-38 0 0 0 
-4.79158e-07 0.000215176 -1.67061e-38 0 0 0 
-3.83995e-07 0.00013854 -3.73912e-41 0 0 0 
-1.45895e-07 3.30207e-05 1.31065e-38 0 0 0 
1.44845e-07 -7.82825e-05 9.34612e-39 0 0 0 
3.78972e-07 -0.000171316 -3.65962e-39 0 0 0 
4.69326e-07 -0.000226266 -9.94863e-39 0 0 0 
3.83275e-07 -0.000231773 -4.19507e-39 0 0 0 
1.54485e-07 -0.000187274 4.83879e-39 0 0 0 
-1.30234e-07 -0.000102987 6.73749e-39 0 0 0 
-3.63858e-07 2.42689e-06 9.85451e-40 0 0 0 
-4.59367e-07 0.000105988 -4.59599e-39 0 0 0 
-3.82158e-07 0.000185408 -4.04174e-39 0 0 0 
-1.62556e-07 0.000223879 7.39945e-40 0 0 0 
1.1607e-07 0.000213629 3.70329e-39 0 0 0 
3.48948e-07 0.00015748 2.05079e-39 0 0 0 
4.49298e-07 6.81082e-05 -1.45344e-39 0 0 0 
3.80658e-07 -3.48109e-05 -2.64535e-39 0 0 0 
1.70117e-07 -0.000128932 -7.37865e-40 0 0 0 
-1.0235e-07 -0.000194087 1.55506e-39 0 0 0 
-3.34254e-07 -0.000216602 1.68547e-39 0 0 0 
-4.39135e-07 -0.000192165 -2.43575e-41 0 0 0 
-3.78792e-07 -0.000126632 -1.3423e-39 0 0 0 
-1.77179e-07 -3.46407e-05 -9.35024e-40 0 0 0 
8.9075e-08 6.36543e-05 3.90551e-40 0 0 0 
3.19784e-07 0.000146995 1.01267e-39 0 0 0 
4.28894e-07 0.000197613 4.12832e-40 0 0 0 
3.76578e-07 0.000205015 -5.02619e-40 0 0 0 
1.83754e-07 0.000168151 -6.81823e-40 0 0 0 
-7.62431e-08 9.55215e-05 -8.95527e-41 0 0 0 
-3.05547e-07 3.22604e-06 4.72338e-40 0 0 0 
-4.18592e-07 -8.8601e-05 4.06161e-40 0 0 0 
-3.74032e-07 -0.00016018 -8.25971e-41 0 0 0 
-1.89853e-07 -0.000196344 -3.78006e-40 0 0 0 
6.38521e-08 -0.000189748 -2.03774e-40 0 0 0 
2.91552e-07 -0.00014235 1.52307e-40 0 0 0 
4.08242e-07 -6.48788e-05 2.68459e-40 0 0 0 
3.7117e-07 2.55953e-05 7.11016e-41 0 0 0 
1.95488e-07 0.000109414 -1.60499e-40 0 0 0 
-5.18992e-08 0.000168602 -1.69985e-40 0 0 0 
-2.77806e-07 0.000190716 5.33819e-42 0 0 0 
-3.9786e-07 0.000171458 1.37424e-40 0 0 0 
-3.68009e-07 0.0001155 9.34912e-41 0 0 0 
-2.00671e-07 3.53611e-05 -4.1574e-41 0 0 0 
4.0381e-08 -5.13875e-05 -1.03048e-40 0 0 0 
2.64315e-07 -0.000125971 -4.05696e-41 0 0 0 
3.87461e-07 -0.000172472 5.21699e-41 0 0 0 
3.64566e-07 -0.000181225 6.89776e-41 0 0 0 
2.05415e-07 -0.00015082 8.02072e-42 0 0 0 
-2.92932e-08 -8.83016e-05 -4.85233e-41 0 0 0 
-2.51085e-07 -7.54454e-06 -4.0798e-41 0 0 0 
-3.77057e-07 7.38208e-05 9.14406e-42 0 0 0 
-3.60857e-07 0.000138255 3.85723e-41 0 0 0 
-2.09733e-07 0.000172088 2.02307e-41 0 0 0 
1.86312e-08 0.000168416 -1.59416e-41 0 0 0 
2.38121e-07 0.000128502 -2.72359e-41 0 0 0 
3.66661e-07 6.14023e-05 -6.82858e-42 0 0 0 
3.56898e-07 -1.80824e-05 1.65567e-41 0 0 0 
2.13638e-07 -9.26698e-05 1.71374e-41 0 0 0 
-8.38964e-09 -0.000146351 -8.33486e-43 0 0 0 
-2.25428e-07 -0.000167821 -1.40646e-41 0 0 0 
-3.56287e-07 -0.000152862 -9.34258e-42 0 0 0 
-3.52705e-07 -0.000105154 4.41534e-42 0 0 0 
-2.17143e-07 -3.53889e-05 1.04831e-41 0 0 0 
-1.4372e-09 4.11224e-05 3.98087e-42 0 0 0 
2.1301e-07 0.00010781 -5.41117e-42 0 0 0 
3.45945e-07 0.000150428 -6.97598e-42 0 0 0 
3.48293e-07 0.000160097 -7.05023e-43 0 0 0 
2.20261e-07 0.000135149 4.98282e-42 0 0 0 
1.08555e-08 8.13939e-05 4.09626e-42 0 0 0 
-2.00869e-07 1.07782e-05 -1.00528e-42 0 0 0 
-3.35648e-07 -6.12709e-05 -3.93477e-42 0 0 0 
-3.43676e-07 -0.000119211 -2.00675e-42 0 0 0 
-2.23005e-07 -0.000150736 1.66671e-42 0 0 0 
-1.98719e-08 -0.000149385 2.76234e-42 0 0 0 
1.89007e-07 -0.000115863 6.53363e-43 0 0 0 
3.25404e-07 -5.77984e-05 -1.70709e-42 0 0 0 
3.3887e-07 1.1989e-05 -1.72711e-42 0 0 0 
2.25389e-07 7.83148e-05 1.14272e-43 0 0 0 
2.84932e-08 0.000126931 1.43895e-42 0 0 0 
-1.77428e-07 0.000147587 9.33045e-43 0 0 0 
-3.15224e-07 0.000136181 -4.67938e-43 0 0 0 
-3.33888e-07 9.55772e-05 -1.06612e-42 0 0 0 
-2.27426e-07 3.48901e-05 -3.89995e-43 0 0 0 
-3.67266e-08 -3.2551e-05 5.60876e-43 0 0 0 
1.66131e-07 -9.21297e-05 7.05282e-43 0 0 0 
3.05118e-07 -0.000131108 6.04316e-44 0 0 0 
3.28744e-07 -0.000141346 -5.1148e-43 0 0 0 
2.29127e-07 -0.000120999 -4.11092e-43 0 0 0 
4.45795e-08 -7.48376e-05 1.09862e-43 0 0 0 
-1.55118e-07 -1.31317e-05 4.01264e-43 0 0 0 
-2.95093e-07 5.06273e-05 1.98873e-43 0 0 0 
-3.23451e-07 0.000102675 -1.74074e-43 0 0 0 
-2.30507e-07 0.000131945 -2.80079e-43 0 0 0 
-5.20593e-08 0.000132417 -6.22503e-44 0 0 0 
1.44388e-07 0.000104352 1.75926e-43 0 0 0 
2.85157e-07 5.41547e-05 1.73993e-43 0 0 0 
3.1802e-07 -7.0792e-06 -1.46166e-44 0 0 0 
2.31577e-07 -6.60173e-05 -1.4717e-43 0 0 0 
5.91739e-08 -0.000109989 -9.31255e-44 0 0 0 
-1.33943e-07 -0.000129709 4.94959e-44 0 0 0 
-2.75318e-07 -0.000121233 1.08392e-43 0 0 0 
-3.12465e-07 -8.67415e-05 3.81406e-44 0 0 0 
-2.32349e-07 -3.39943e-05 -5.80974e-44 0 0 0 
-6.59309e-08 2.5414e-05 -7.12817e-44 0 0 0 
1.2378e-07 7.8599e-05 -4.99885e-45 0 0 0 
2.65582e-07 0.000114179 5.24827e-44 0 0 0 
3.06797e-07 0.00012471 4.1237e-44 0 0 0 
2.32835e-07 0.000108238 -1.19446e-44 0 0 0 
7.23381e-08 6.86515e-05 -4.09082e-44 0 0 0 
-1.139e-07 1.47707e-05 -1.96896e-44 0 0 0 
-2.55956e-07 -4.16147e-05 1.81625e-44 0 0 0 
-3.01027e-07 -8.83242e-05 2.83893e-44 0 0 0 
-2.33047e-07 -0.000115415 5.90251e-45 0 0 0 
-7.84033e-08 -0.000117298 -1.81217e-44 0 0 0 
1.04301e-07 -9.38826e-05 -1.75219e-44 0 0 0 
2.46446e-07 -5.05338e-05 1.79045e-45 0 0 0 
2.95164e-07 3.15791e-06 1.50471e-44 0 0 0 
2.32997e-07 5.54938e-05 9.28869e-45 0 0 0 
8.41345e-08 9.52142e-05 -5.226e-45 0 0 0 
-9.4982e-08 0.00011392 -1.10169e-44 0 0 0 
-2.37058e-07 0.000107844 -3.72311e-45 0 0 0 
-2.89221e-07 7.86085e-05 6.01411e-45 0 0 0 
-2.32695e-07 3.28033e-05 7.20194e-45 0 0 0 
-8.95395e-08 -1.94936e-05 3.91665e-46 0 0 0 
8.59408e-08 -6.69324e-05 -5.3832e-45 0 0 0 
2.27795e-07 -9.93528e-05 -4.13454e-45 0 0 0 
2.83206e-07 -0.000109958 1.29282e-45 0 0 0 
2.32152e-07 -9.67385e-05 4.16926e-45 0 0 0 
9.4626e-08 -6.28412e-05 1.9474e-45 0 0 0 
-7.71758e-08 -1.58305e-05 -1.89325e-45 0 0 0 
-2.18663e-07 3.39997e-05 -2.8767e-45 0 0 0 
-2.77129e-07 7.58773e-05 -5.56578e-46 0 0 0 
-2.31378e-07 0.000100879 1.8658e-45 0 0 0 
-9.94019e-08 0.000103831 1.76384e-45 0 0 0 
6.86849e-08 8.43734e-05 -2.12924e-46 0 0 0 
2.09667e-07 4.69815e-05 -1.53795e-45 0 0 0 
2.70998e-07 -6.26701e-08 -9.25868e-46 0 0 0 
2.30385e-07 -4.65015e-05 5.50868e-46 0 0 0 
1.03875e-07 -8.23366e-05 1.11943e-45 0 0 0 
-6.04657e-08 -9.99804e-05 3.62696e-46 0 0 0 
-2.00809e-07 -9.58601e-05 -6.22188e-46 0 0 0 
-2.64824e-07 -7.11373e-05 -7.27405e-46 0 0 0 
-2.29182e-07 -3.13982e-05 -2.79593e-47 0 0 0 
-1.08052e-07 1.4606e-05 5.51955e-46 0 0 0 
5.25159e-08 5.68844e-05 4.14336e-46 0 0 0 
1.92094e-07 8.63743e-05 -1.39374e-46 0 0 0 
2.58613e-07 9.68827e-05 -4.24793e-46 0 0 0 
2.27779e-07 8.63842e-05 -1.92399e-46 0 0 0 
1.11943e-07 5.74054e-05 1.97173e-46 0 0 0 
-4.48329e-08 1.64224e-05 2.91409e-46 0 0 0 
-1.83526e-07 -2.75832e-05 5.21457e-47 0 0 0 
-2.52374e-07 -6.50919e-05 -1.92016e-46 0 0 0 
-2.26185e-07 -8.81038e-05 -1.77487e-46 0 0 0 
-1.15552e-07 -9.18431e-05 2.47815e-47 0 0 0 
3.7414e-08 -7.57465e-05 1.57143e-46 0 0 0 
1.75107e-07 -4.35321e-05 9.22235e-47 0 0 0 
2.46114e-07 -2.34347e-06 -5.79766e-47 0 0 0 
2.24411e-07 3.88317e-05 -1.13712e-46 0 0 0 
1.1889e-07 7.1122e-05 -3.5255e-47 0 0 0 
-3.02564e-08 8.76818e-05 6.43303e-47 0 0 0 
-1.6684e-07 8.5141e-05 7.34439e-47 0 0 0 
-2.39842e-07 6.42877e-05 1.63603e-48 0 0 0 
-2.22464e-07 2.98451e-05 -5.6573e-47 0 0 0 
-1.21962e-07 -1.05944e-05 -4.1501e-47 0 0 0 
2.3357e-08 -4.82423e-05 1.49724e-47 0 0 0 
1.58728e-07 -7.5022e-05 4.3268e-47 0 0 0 
2.33563e-07 -8.53003e-05 1.89869e-47 0 0 0 
2.20355e-07 -7.70702e-05 -2.05172e-47 0 0 0 
1.24777e-07 -5.23381e-05 -2.95106e-47 0 0 0 
-1.67128e-08 -1.66403e-05 -4.84858e-48 0 0 0 
-1.50773e-07 2.21935e-05 1.97524e-47 0 0 0 
-2.27286e-07 5.57567e-05 1.78525e-47 0 0 0 
-2.18091e-07 7.6884e-05 -2.83734e-48 0 0 0 
-1.27341e-07 8.11798e-05 -1.60512e-47 0 0 0 
1.03207e-08 6.79304e-05 -9.17948e-48 0 0 0 
1.42977e-07 4.02113e-05 6.09299e-48 0 0 0 
2.21017e-07 4.17714e-06 1.15474e-47 0 0 0 
2.15682e-07 -3.23035e-05 3.41862e-48 0 0 0 
1.29662e-07 -6.13648e-05 -6.64755e-48 0 0 0 
-4.17728e-09 -7.68385e-05 -7.41286e-48 0 0 0 
-1.35343e-07 -7.55617e-05 -4.36306e-50 0 0 0 
-2.14761e-07 -5.80202e-05 5.79641e-48 0 0 0 
-2.13136e-07 -2.81984e-05 4.15467e-48 0 0 0 
-1.31747e-07 7.32367e-06 -1.60335e-48 0 0 0 
-1.72079e-09 4.08207e-05 -4.40582e-48 0 0 0 
1.27871e-07 6.51007e-05 -1.87144e-48 0 0 0 
2.08526e-07 7.50484e-05 2.1332e-48 0 0 0 
2.10461e-07 6.87008e-05 2.98757e-48 0 0 0 
1.33604e-07 4.76307e-05 4.46753e-49 0 0 0 
7.37705e-09 1.65632e-05 -2.03102e-48 0 0 0 
-1.20564e-07 -1.7682e-05 -1.79495e-48 0 0 0 
-2.02317e-07 -4.76863e-05 3.20693e-49 0 0 0 
-2.07665e-07 -6.70383e-05 1.63902e-48 0 0 0 
-1.35239e-07 -7.17025e-05 9.12991e-49 0 0 0 
-1.27951e-08 -6.08588e-05 -6.39472e-49 0 0 0 
1.13423e-07 -3.70388e-05 -1.17229e-48 0 0 0 
1.96139e-07 -5.53818e-06 -3.30618e-49 0 0 0 
2.04756e-07 2.67592e-05 6.86545e-49 0 0 0 
1.3666e-07 5.28843e-05 7.47937e-49 0 0 0 
1.79786e-08 6.72861e-05 -8.03885e-51 0 0 0 
-1.06448e-07 6.70089e-05 -5.93685e-49 0 0 0 
-1.89999e-07 5.22973e-05 -4.15701e-49 0 0 0 
-2.01741e-07 2.65028e-05 1.71209e-49 0 0 0 
-1.37874e-07 -4.67737e-06 4.48495e-49 0 0 0 
-2.29315e-08 -3.44572e-05 1.84221e-49 0 0 0 
9.96408e-08 -5.64379e-05 -2.21619e-49 0 0 0 
1.83901e-07 -6.59817e-05 -3.02358e-49 0 0 0 
1.98628e-07 -6.11887e-05 -4.07113e-50 0 0 0 
1.38888e-07 -4.32722e-05 2.08751e-49 0 0 0 
2.76575e-08 -1.62577e-05 1.80395e-49 0 0 0 
-9.3002e-08 1.39197e-05 -3.58707e-50 0 0 0 
-1.7785e-07 4.0718e-05 -1.67311e-49 0 0 0 
-1.95425e-07 5.84057e-05 -9.07341e-50 0 0 0 
-1.39708e-07 6.32865e-05 6.70288e-50 0 0 0 
-3.21608e-08 5.447e-05 1.18976e-49 0 0 0 
8.65318e-08 3.40282e-05 3.18808e-50 0 0 0 
1.71851e-07 6.51192e-06 -7.0867e-50 0 0 0 
1.92139e-07 -2.20611e-05 -7.54379e-50 0 0 0 
1.40342e-07 -4.5521e-05 2.08519e-51 0 0 0 
3.64452e-08 -5.88775e-05 6.07858e-50 0 0 0 
-8.02306e-08 -5.938e-05 4.15703e-50 0 0 0 
-1.65908e-07 -4.70819e-05 -1.82349e-50 0 0 0 
-1.88776e-07 -2.47943e-05 -4.56416e-50 0 0 0 
-1.40796e-07 2.55507e-06 -1.81094e-50 0 0 0 
-4.05151e-08 2.90096e-05 2.30068e-50 0 0 0 
7.40984e-08 4.88806e-05 3.05906e-50 0 0 0 
1.60026e-07 5.79695e-05 3.65911e-51 0 0 0 
1.85343e-07 5.44537e-05 -2.14469e-50 0 0 0 
1.41078e-07 3.92493e-05 -1.8122e-50 0 0 0 
4.43746e-08 1.57796e-05 3.97789e-51 0 0 0 
-6.81351e-08 -1.07946e-05 1.70738e-50 0 0 0 
-1.54208e-07 -3.47084e-05 9.00981e-51 0 0 0 
-1.81848e-07 -5.08428e-05 -7.01752e-51 0 0 0 
-1.41193e-07 -5.58194e-05 -1.20712e-50 0 0 0 
-4.80279e-08 -4.87062e-05 -3.06418e-51 0 0 0 
6.23405e-08 -3.11882e-05 7.31129e-51 0 0 0 
1.48459e-07 -7.17084e-06 7.60604e-51 0 0 0 
1.78295e-07 1.80893e-05 -3.40824e-52 0 0 0 
1.41149e-07 3.91338e-05 -6.22156e-51 0 0 0 
5.14795e-08 5.14816e-05 -4.15466e-51 0 0 0 
-5.6714e-08 5.25815e-05 1.93758e-51 0 0 0 
-1.42782e-07 4.23381e-05 4.6434e-51 0 0 0 
-1.74692e-07 2.31014e-05 1.77758e-51 0 0 0 
-1.40952e-07 -8.70652e-07 -2.38669e-51 0 0 0 
-5.47338e-08 -2.43534e-05 -3.09397e-51 0 0 0 
5.12551e-08 -4.22932e-05 -3.23117e-52 0 0 0 
1.3718e-07 -5.08946e-05 2.20256e-51 0 0 0 
1.71045e-07 -4.84218e-05 1.8197e-51 0 0 0 
1.40608e-07 -3.55469e-05 -4.37952e-52 0 0 0 
5.77951e-08 -1.51751e-05 -1.74182e-51 0 0 0 
-4.59629e-08 8.20998e-06 -8.93888e-52 0 0 0 
-1.31656e-07 2.95318e-05 7.33866e-52 0 0 0 
-1.67359e-07 4.42221e-05 1.22437e-51 0 0 0 
-1.40125e-07 4.91993e-05 2.93436e-52 0 0 0 
-6.06681e-08 4.35132e-05 -7.5392e-52 0 0 0 
4.08364e-08 2.85231e-05 -7.666e-52 0 0 0 
1.26213e-07 7.57603e-06 4.77369e-53 0 0 0 
1.6364e-07 -1.47397e-05 6.36576e-52 0 0 0 
1.39507e-07 -3.35987e-05 4.14982e-52 0 0 0 
6.33571e-08 -4.4981e-05 -2.05437e-52 0 0 0 
-3.58746e-08 -4.65282e-05 -4.72262e-52 0 0 0 
-1.20855e-07 -3.80309e-05 -1.74208e-52 0 0 0 
-1.59894e-07 -2.14462e-05 2.4742e-52 0 0 0 
-1.38761e-07 -4.49355e-07 3.12827e-52 0 0 0 
-6.58668e-08 2.038e-05 2.78703e-53 0 0 0 
3.10762e-08 3.6556e-05 -2.26109e-52 0 0 0 
1.15583e-07 4.46519e-05 -1.82639e-52 0 0 0 
1.56125e-07 4.3025e-05 4.79209e-53 0 0 0 
1.37894e-07 3.21483e-05 1.77641e-52 0 0 0 
6.82017e-08 1.44817e-05 8.86044e-53 0 0 0 
-2.64398e-08 -6.08283e-06 -7.66636e-53 0 0 0 
-1.10399e-07 -2.50779e-05 -1.2415e-52 0 0 0 
-1.52339e-07 -3.84304e-05 -2.79851e-53 0 0 0 
-1.36912e-07 -4.33346e-05 7.77042e-53 0 0 0 
-7.03665e-08 -3.884e-05 7.72356e-53 0 0 0 
2.19639e-08 -2.60333e-05 -6.18216e-54 0 0 0 
1.05307e-07 -7.77861e-06 -6.51113e-53 0 0 0 
1.48541e-07 1.19223e-05 -4.14244e-53 0 0 0 
1.35819e-07 2.88065e-05 2.1739e-53 0 0 0 
7.23656e-08 3.92713e-05 4.80178e-53 0 0 0 
-1.76469e-08 4.11429e-05 1.70439e-53 0 0 0 
-1.00307e-07 3.41262e-05 -2.56323e-53 0 0 0 
-1.44736e-07 1.98448e-05 -3.16193e-53 0 0 0 
